spawns:
  default:
    world: 76641ab6-71f4-4dbb-8772-2ba419aa0723
    world-name: world
    x: 579.9853520916091
    y: 69.0
    z: 2899.0448604507083
    yaw: -0.0662526935338974
    pitch: -1.9500082731246948
